avg_iou= 79.17493377483449
avg_f1= 0.8516837231535801
avg_acc= 0.9398049535463017
avg_p= 0.8684448089706726
avg_r= 0.8745315485090459