avg_iou= 78.8951986754967
avg_f1= 0.8495797591574628
avg_acc= 0.9380238659889856
avg_p= 0.8570925388877989
avg_r= 0.8793290782947116

###clahe applied
avg_iou= 75.7458278145695
avg_f1= 0.8218373286204932
avg_acc= 0.9273986902985097
avg_p= 0.8346441676308066
avg_r= 0.8537658064646448