avg_iou= 79.11940397350995
avg_f1= 0.8489734991980716
avg_acc= 0.935234566666948
avg_p= 0.8662206728448705
avg_r= 0.8809117960563253