avg_iou= 75.76019867549668
avg_f1= 0.8366262598670441
avg_acc= 0.9233810995026458
avg_p= 0.856375346536331
avg_r= 0.8550054951084781