avg_iou= 79.84556291390727
avg_f1= 0.8553956527595147
avg_acc= 0.9422355683866867
avg_p= 0.8769644297283045
avg_r= 0.8778744119673438