avg_iou= 77.50807947019874
avg_f1= 0.837092426911083
avg_acc= 0.930633018058871
avg_p= 0.845585411182371
avg_r= 0.8718292398053006